minimize
obj: 3.2 x_1__out + 8.3 x_2__out + 9.200000000000001 x_3__out + 3.6 x_4__out + 8.700000000000001 x_5__out + 1 z_1_ + 9.1 z_2_ + 3.9000000000000004 z_3_ + 7 z_4_ + 8.700000000000001 z_5_ + 1 x16
subject to
knapsack_1_: 54 x_1__out + 71 x_2__out + 45 x_3__out + 37 x_4__out + 14 x_5__out + 33 z_1_ + 97 z_2_ + 91 z_3_ + 24 z_4_ + 49 z_5_ >= 386.25
knapsack_2_: 33 x_1__out + 60 x_2__out + 20 x_3__out + 7 x_4__out + 67 x_5__out + 5 z_1_ + 99 z_2_ + 4 z_3_ + 100 z_4_ + 93 z_5_ >= 366
c3: 1420 x_1__out + 1500 x_2__out + 1840 x_3__out + 1640 x_4__out + 20 x_5__out + 1 x16 >= 3384.2321028988536
c4: 5.86959758339132 x_1__out + 7.067474641226283 x_2__out + 9.223653345329218 x_3__out + 2.994692644587408 x_4__out + 2.994692644587408 x_5__out + 1 x16 >= 70.5851312457549
c5: 2.835143446715669 x_1__out + 3.41374415012703 x_2__out + 4.45522541626748 x_3__out + 1.4465017585284026 x_4__out + 1.4465017585284026 x_5__out + 1 x16 >= 58.16119387260844
c6: 6.498222128505938 x_1__out + 6.864319149830216 x_2__out + 8.420231490458399 x_3__out + 7.5049889371477025 x_4__out + 0.09152425533106955 x_5__out + 1 x16 >= 72.19613713683253
c7: 5.89141565502618 x_1__out + 7.093745380541727 x_2__out + 9.257938886469713 x_3__out + 3.0058243137888674 x_4__out + 3.0058243137888674 x_5__out + 1 x16 >= 70.67426411387571
c8: 5.89141565502618 x_1__out + 7.093745380541727 x_2__out + 9.257938886469713 x_3__out + 3.0058243137888674 x_4__out + 3.0058243137888674 x_5__out + 1 x16 >= 70.67795527886432
c9: 5.89141565502618 x_1__out + 7.093745380541727 x_2__out + 9.257938886469713 x_3__out + 3.0058243137888674 x_4__out + 3.0058243137888674 x_5__out + 1 x16 >= 70.74261069280183
c10: 6.4623188405797105 x_1__out + 7.781159420289855 x_2__out + 10.155072463768118 x_3__out + 3.2971014492753623 x_4__out + 3.2971014492753623 x_5__out + 1 x16 >= 73.9923908043478
c11: 2.537559876606848 x_1__out + 3.055429239179674 x_2__out + 3.987594091810761 x_3__out + 1.2946734064320653 x_4__out + 1.2946734064320653 x_5__out + 1 x16 >= 60.354033679601784
c12: 3.828310844577711 x_1__out + 4.609598772042551 x_2__out + 6.015917041479261 x_3__out + 1.9532198186620977 x_4__out + 1.9532198186620977 x_5__out + 1 x16 >= 65.95367010765956
c13: -0.2697864950876058 x_1__out - 2.0566791506804076 x_2__out + 25.9858044839264 x_3__out - 0.47763717309081755 x_4__out - 3.9785789519860155 x_5__out + 1 x16 >= 52.46731822915516
c14: 3.419683321607031 x_1__out + 4.1175778770370375 x_2__out + 5.373788076811048 x_3__out + 1.7447363885750158 x_4__out + 1.7447363885750158 x_5__out + 1 x16 >= 64.20895116803109
c15: -3.2635573162588236 x_1__out - 2.7192319743500812 x_2__out - 4.1933670023057905 x_3__out - 1.973286822607756 x_4__out + 5.121636951015667 x_5__out + 1 x16 >= 40.15055688447756
c16: 6.4549397934910235 x_1__out + 6.81859837340601 x_2__out + 8.364147338044706 x_3__out + 7.455000888257238 x_4__out + 0.0909146449787468 x_5__out + 1 x16 >= 74.00165761249539
c17: -7.7322786911873225 x_1__out - 8.604979309992302 x_2__out - 9.238385440007661 x_3__out - 1.0336439310812189 x_4__out - 1.0601658070078401 x_5__out + 1 x16 >= 24.63054682072292
c18: -0.4734734876780317 x_1__out - 2.142888446895288 x_2__out + 12.314677994299183 x_3__out - 2.462660909523172 x_4__out + 3.3904959957315226 x_5__out + 1 x16 >= 54.170977155903515
Bounds
x_1__in = 0
x_2__in = 0
x_3__in = 0
x_4__in = 0
x_5__in = 0
x_1__out >= 0
x_2__out >= 0
x_3__out >= 0
x_4__out >= 0
x_5__out >= 0
z_1_ >= 0
z_2_ >= 0
z_3_ >= 0
z_4_ >= 0
z_5_ >= 0
x16 >= 0
Binary
x_1__out
x_2__out
x_3__out
x_4__out
x_5__out
z_1_
z_2_
z_3_
z_4_
z_5_
End
