minimize
obj: 2.6 x_1__out + 1.5 x_2__out + 4 x_3__out + 7 x_4__out + 2.1 x_5__out + 5.7 z_1_ + 9.4 z_2_ + 6.4 z_3_ + 6.7 z_4_ + 5 z_5_ + 1 x16
subject to
knapsack_1_: 9 x_1__out + 98 x_2__out + 16 x_3__out + 94 x_4__out + 67 x_5__out + 76 z_1_ + 29 z_2_ + 35 z_3_ + 5 z_4_ + 6 z_5_ >= 326.25
knapsack_2_: 66 x_1__out + 64 x_2__out + 62 x_3__out + 3 x_4__out + 49 x_5__out + 11 z_1_ + 75 z_2_ + 34 z_3_ + 69 z_4_ + 67 z_5_ >= 375
c3: -16.900000000000002 x_1__out - 16.900000000000002 x_2__out - 16.900000000000002 x_3__out - 16.900000000000002 x_4__out - 16.900000000000002 x_5__out + 1 x16 >= -67.60000000000001
c4: -31.25 x_1__out - 31.25 x_2__out - 31.25 x_3__out + 31.25 x_4__out - 31.25 x_5__out + 1 x16 >= -93.75
c5: -24.6 x_1__out - 24.6 x_2__out - 24.6 x_3__out - 24.6 x_4__out + 24.6 x_5__out + 1 x16 >= -73.80000000000001
c6: -31.25 x_1__out - 31.25 x_2__out + 31.25 x_3__out - 31.25 x_4__out - 31.25 x_5__out + 1 x16 >= -93.75
c7: 339.4 x_1__out - 339.4 x_2__out - 339.4 x_3__out + 339.4 x_4__out - 339.4 x_5__out + 1 x16 >= -678.8
c8: 39.3999995 x_1__out - 39.3999995 x_2__out - 39.3999995 x_3__out - 39.3999995 x_4__out - 39.3999995 x_5__out + 1 x16 >= -118.19999849999999
c9: -40.1 x_1__out - 40.1 x_2__out + 40.1 x_3__out - 40.1 x_4__out + 40.1 x_5__out + 1 x16 >= -80.20000000000002
c10: 45.499999999999986 x_1__out - 45.499999999999986 x_2__out - 45.499999999999986 x_3__out - 45.499999999999986 x_4__out + 45.499999999999986 x_5__out + 1 x16 >= -90.99999999999996
c11: -42.1 x_1__out + 42.1 x_2__out - 42.1 x_3__out - 42.1 x_4__out - 42.1 x_5__out + 1 x16 >= -126.30000000000001
c12: -17.700000000000003 x_1__out - 17.700000000000003 x_2__out - 17.700000000000003 x_3__out - 17.700000000000003 x_4__out - 17.700000000000003 x_5__out + 1 x16 >= -70.80000000000001
c13: -35.550000000000004 x_1__out - 35.550000000000004 x_2__out - 35.550000000000004 x_3__out - 35.550000000000004 x_4__out - 35.550000000000004 x_5__out + 1 x16 >= -142.20000000000002
c14: -45.5 x_1__out - 45.5 x_2__out - 45.5 x_3__out - 45.5 x_4__out + 45.5 x_5__out + 1 x16 >= -136.5
c15: -45.89999950000001 x_1__out - 45.89999950000001 x_2__out - 45.89999950000001 x_3__out + 45.89999950000001 x_4__out - 45.89999950000001 x_5__out + 1 x16 >= -137.69999850000002
c16: -45.900000000000006 x_1__out - 45.900000000000006 x_2__out - 45.900000000000006 x_3__out - 45.900000000000006 x_4__out - 45.900000000000006 x_5__out + 1 x16 >= -183.60000000000002
c17: -47.45 x_1__out - 47.45 x_2__out + 47.45 x_3__out - 47.45 x_4__out - 47.45 x_5__out + 1 x16 >= -142.35000000000002
c18: -55.150000000000006 x_1__out - 55.150000000000006 x_2__out - 55.150000000000006 x_3__out - 55.150000000000006 x_4__out - 55.150000000000006 x_5__out + 1 x16 >= -220.6
c19: 65.04999900000001 x_1__out - 65.04999900000001 x_2__out - 65.04999900000001 x_3__out - 65.04999900000001 x_4__out - 65.04999900000001 x_5__out + 1 x16 >= -195.14999700000004
c20: -74.474999875 x_1__out - 74.474999875 x_2__out - 74.474999875 x_3__out + 74.474999875 x_4__out - 74.474999875 x_5__out + 1 x16 >= -223.424999625
c21: -67.64999987500022 x_1__out - 67.64999987500022 x_2__out - 67.64999987500022 x_3__out - 67.64999987500022 x_4__out + 67.64999987500022 x_5__out + 1 x16 >= -202.94999962500066
c22: -77.54999924999998 x_1__out - 77.54999924999998 x_2__out + 77.54999924999998 x_3__out - 77.54999924999998 x_4__out + 77.54999924999998 x_5__out + 1 x16 >= -155.09999849999997
c23: -69.19999974999999 x_1__out - 69.19999974999999 x_2__out + 69.19999974999999 x_3__out - 69.19999974999999 x_4__out - 69.19999974999999 x_5__out + 1 x16 >= -207.59999924999997
Bounds
x_1__in = 0
x_2__in = 0
x_3__in = 0
x_4__in = 0
x_5__in = 0
x_1__out >= 0
x_2__out >= 0
x_3__out >= 0
x_4__out >= 0
x_5__out >= 0
z_1_ >= 0
z_2_ >= 0
z_3_ >= 0
z_4_ >= 0
z_5_ >= 0
x16 >= 0
Binary
x_1__out
x_2__out
x_3__out
x_4__out
x_5__out
z_1_
z_2_
z_3_
z_4_
z_5_
End
