minimize
obj: 3.2 x_1__out + 8.3 x_2__out + 9.200000000000001 x_3__out + 3.6 x_4__out + 8.700000000000001 x_5__out + 1 z_1_ + 9.1 z_2_ + 3.9000000000000004 z_3_ + 7 z_4_ + 8.700000000000001 z_5_ + 1 x16
subject to
knapsack_1_: 54 x_1__out + 71 x_2__out + 45 x_3__out + 37 x_4__out + 14 x_5__out + 33 z_1_ + 97 z_2_ + 91 z_3_ + 24 z_4_ + 49 z_5_ >= 386.25
knapsack_2_: 33 x_1__out + 60 x_2__out + 20 x_3__out + 7 x_4__out + 67 x_5__out + 5 z_1_ + 99 z_2_ + 4 z_3_ + 100 z_4_ + 93 z_5_ >= 366
c3: 1419 x_1__out + 1499.86 x_2__out + 1841 x_3__out + 1640 x_4__out + 21 x_5__out + 1 x16 >= 3386.71
c4: -66.66892596874551 x_1__out - 51.60379729615797 x_2__out + 93.33726776034845 x_3__out - 15.815550621827674 x_4__out + 52.42080586851333 x_5__out + 1 x16 >= -96.23827388673116
c5: -4.882905206648455 x_1__out + 7.2832922196735765 x_2__out + 251.6816689818541 x_3__out + 3.329479308193715 x_4__out + 2.188178687099837 x_5__out + 1 x16 >= 50.39215730864207
c6: 3.359168114987832 x_1__out + 3.531750356208081 x_2__out + 4.37553781533436 x_3__out + 1015.9319373775296 x_4__out + 12.97187060521696 x_5__out + 1 x16 >= 34.147492314808694
c7: 182.946802454666 x_1__out - 6.161214535245063 x_2__out - 19.318023429208615 x_3__out - 1.3516709866472234 x_4__out + 75.81134887660407 x_5__out + 1 x16 >= 30.796497612791004
c8: -3.757664733777733 x_1__out - 3.451450582847211 x_2__out - 0.736956434978214 x_3__out - 2.4599949743580916 x_4__out + 6.73183719721419 x_5__out + 1 x16 >= 37.63369105926975
c9: 19.039611472696855 x_1__out + 21.50423608328868 x_2__out - 0.4102410495608199 x_3__out - 0.5779055048635927 x_4__out - 3.9595212237759516 x_5__out + 1 x16 >= 53.37356602280653
c10: -247.95503445716378 x_1__out - 1582.0966634559404 x_2__out + 379.99033112885223 x_3__out - 340.04475518168437 x_4__out - 28.611173546661696 x_5__out + 1 x16 >= -2139.4576268859655
c11: -0.8228771987719754 x_1__out + 1.0643561781657493 x_2__out + 4.769973899062423 x_3__out + 50.38854925256969 x_4__out - 5.131884605888239 x_5__out + 1 x16 >= 53.13156441005606
c12: -5.532146171450471 x_1__out - 6.914813723817218 x_2__out + 18.819921329094484 x_3__out - 5.382357164753586 x_4__out + 8.6925563805354 x_5__out + 1 x16 >= 41.42068243997874
c13: -8.21640640352867 x_1__out + 29.539501641436992 x_2__out - 12.904929643067103 x_3__out - 0.024572332006051766 x_4__out - 22.857687918497916 x_5__out + 1 x16 >= 12.496403202900268
c14: -1.5131764375456551 x_1__out - 3.0631473454836535 x_2__out - 1.4645223452478826 x_3__out - 0.6934287029147621 x_4__out - 5.70390199913861 x_5__out + 1 x16 >= 39.42412961211634
Bounds
x_1__in = 0
x_2__in = 0
x_3__in = 0
x_4__in = 0
x_5__in = 0
x_1__out >= 0
x_2__out >= 0
x_3__out >= 0
x_4__out >= 0
x_5__out >= 0
z_1_ >= 0
z_2_ >= 0
z_3_ >= 0
z_4_ >= 0
z_5_ >= 0
x16 >= 0
Binary
x_1__out
x_2__out
x_3__out
x_4__out
x_5__out
z_1_
z_2_
z_3_
z_4_
z_5_
End
